a = [1,2104;1,1416;1,1534;1,852]
b = [-40; 0.25]

x = a * b
